0.1877719077986072 0.034000000000000002 0.033999999999000004
0.1877719077986072 0.64600000000000002 0.033999999999000004
0.24666163525594903 0.068000000000000005 0.033999999999000004
0.24666163525594903 0.13600000000000001 0.033999999999000004
0.24666163525594903 0.54400000000000004 0.033999999999000004
0.24666163525594903 0.6120000000000001 0.033999999999000004
0.30555136271329086 0.034000000000000002 0.033999999999000004
0.30555136271329086 0.10200000000000001 0.033999999999000004
0.30555136271329086 0.17000000000000001 0.033999999999000004
0.30555136271329086 0.23800000000000002 0.033999999999000004
0.30555136271329086 0.44200000000000006 0.033999999999000004
0.30555136271329086 0.51000000000000001 0.033999999999000004
0.30555136271329086 0.57800000000000007 0.033999999999000004
0.30555136271329086 0.64600000000000002 0.033999999999000004
0.36444109017063264 0.068000000000000005 0.033999999999000004
0.36444109017063264 0.13600000000000001 0.033999999999000004
0.36444109017063264 0.20400000000000001 0.033999999999000004
0.36444109017063264 0.27200000000000002 0.033999999999000004
0.36444109017063264 0.34000000000000002 0.033999999999000004
0.36444109017063264 0.40800000000000003 0.033999999999000004
0.36444109017063264 0.47600000000000003 0.033999999999000004
0.36444109017063264 0.54400000000000004 0.033999999999000004
0.36444109017063264 0.6120000000000001 0.033999999999000004
0.42333081762797453 0.034000000000000002 0.033999999999000004
0.42333081762797453 0.10200000000000001 0.033999999999000004
0.42333081762797453 0.17000000000000001 0.033999999999000004
0.42333081762797453 0.23800000000000002 0.033999999999000004
0.42333081762797453 0.30600000000000005 0.033999999999000004
0.42333081762797453 0.374 0.033999999999000004
0.42333081762797453 0.44200000000000006 0.033999999999000004
0.42333081762797453 0.51000000000000001 0.033999999999000004
0.42333081762797453 0.57800000000000007 0.033999999999000004
0.42333081762797453 0.64600000000000002 0.033999999999000004
0.48222054508531631 0.068000000000000005 0.033999999999000004
0.48222054508531631 0.13600000000000001 0.033999999999000004
0.48222054508531631 0.20400000000000001 0.033999999999000004
0.48222054508531631 0.27200000000000002 0.033999999999000004
0.48222054508531631 0.34000000000000002 0.033999999999000004
0.48222054508531631 0.40800000000000003 0.033999999999000004
0.48222054508531631 0.47600000000000003 0.033999999999000004
0.48222054508531631 0.54400000000000004 0.033999999999000004
0.48222054508531631 0.6120000000000001 0.033999999999000004
0.5411102725426582 0.034000000000000002 0.033999999999000004
0.5411102725426582 0.10200000000000001 0.033999999999000004
0.5411102725426582 0.17000000000000001 0.033999999999000004
0.5411102725426582 0.23800000000000002 0.033999999999000004
0.5411102725426582 0.30600000000000005 0.033999999999000004
0.5411102725426582 0.374 0.033999999999000004
0.5411102725426582 0.44200000000000006 0.033999999999000004
0.5411102725426582 0.51000000000000001 0.033999999999000004
0.5411102725426582 0.57800000000000007 0.033999999999000004
0.5411102725426582 0.64600000000000002 0.033999999999000004
0.59999999999999998 0.068000000000000005 0.033999999999000004
0.59999999999999998 0.13600000000000001 0.033999999999000004
0.59999999999999998 0.20400000000000001 0.033999999999000004
0.59999999999999998 0.27200000000000002 0.033999999999000004
0.59999999999999998 0.34000000000000002 0.033999999999000004
0.59999999999999998 0.40800000000000003 0.033999999999000004
0.59999999999999998 0.47600000000000003 0.033999999999000004
0.59999999999999998 0.54400000000000004 0.033999999999000004
0.59999999999999998 0.6120000000000001 0.033999999999000004
0.65888972745734176 0.034000000000000002 0.033999999999000004
0.65888972745734176 0.10200000000000001 0.033999999999000004
0.65888972745734176 0.17000000000000001 0.033999999999000004
0.65888972745734176 0.23800000000000002 0.033999999999000004
0.65888972745734176 0.30600000000000005 0.033999999999000004
0.65888972745734176 0.374 0.033999999999000004
0.65888972745734176 0.44200000000000006 0.033999999999000004
0.65888972745734176 0.51000000000000001 0.033999999999000004
0.65888972745734176 0.57800000000000007 0.033999999999000004
0.65888972745734176 0.64600000000000002 0.033999999999000004
0.71777945491468365 0.068000000000000005 0.033999999999000004
0.71777945491468365 0.13600000000000001 0.033999999999000004
0.71777945491468365 0.20400000000000001 0.033999999999000004
0.71777945491468365 0.27200000000000002 0.033999999999000004
0.71777945491468365 0.34000000000000002 0.033999999999000004
0.71777945491468365 0.40800000000000003 0.033999999999000004
0.71777945491468365 0.47600000000000003 0.033999999999000004
0.71777945491468365 0.54400000000000004 0.033999999999000004
0.71777945491468365 0.6120000000000001 0.033999999999000004
0.77666918237202542 0.034000000000000002 0.033999999999000004
0.77666918237202542 0.10200000000000001 0.033999999999000004
0.77666918237202542 0.17000000000000001 0.033999999999000004
0.77666918237202542 0.23800000000000002 0.033999999999000004
0.77666918237202542 0.30600000000000005 0.033999999999000004
0.77666918237202542 0.374 0.033999999999000004
0.77666918237202542 0.44200000000000006 0.033999999999000004
0.77666918237202542 0.51000000000000001 0.033999999999000004
0.77666918237202542 0.57800000000000007 0.033999999999000004
0.77666918237202542 0.64600000000000002 0.033999999999000004
0.83555890982936731 0.068000000000000005 0.033999999999000004
0.83555890982936731 0.13600000000000001 0.033999999999000004
0.83555890982936731 0.20400000000000001 0.033999999999000004
0.83555890982936731 0.27200000000000002 0.033999999999000004
0.83555890982936731 0.34000000000000002 0.033999999999000004
0.83555890982936731 0.40800000000000003 0.033999999999000004
0.83555890982936731 0.47600000000000003 0.033999999999000004
0.83555890982936731 0.54400000000000004 0.033999999999000004
0.83555890982936731 0.6120000000000001 0.033999999999000004
0.89444863728670909 0.034000000000000002 0.033999999999000004
0.89444863728670909 0.10200000000000001 0.033999999999000004
0.89444863728670909 0.17000000000000001 0.033999999999000004
0.89444863728670909 0.23800000000000002 0.033999999999000004
0.89444863728670909 0.44200000000000006 0.033999999999000004
0.89444863728670909 0.51000000000000001 0.033999999999000004
0.89444863728670909 0.57800000000000007 0.033999999999000004
0.89444863728670909 0.64600000000000002 0.033999999999000004
0.95333836474405098 0.068000000000000005 0.033999999999000004
0.95333836474405098 0.13600000000000001 0.033999999999000004
0.95333836474405098 0.54400000000000004 0.033999999999000004
0.95333836474405098 0.6120000000000001 0.033999999999000004
1.0122280922013926 0.034000000000000002 0.033999999999000004
1.0122280922013926 0.64600000000000002 0.033999999999000004
